470	0	clueweb12-0201wb-78-28362	0
470	0	clueweb12-0101wb-31-12734	0
470	0	clueweb12-0103wb-78-09170	0
470	0	clueweb12-0010wb-54-06134	1
470	0	clueweb12-0101wb-98-07018	0
470	0	clueweb12-0209wb-24-01343	1
470	0	clueweb12-0205wb-88-06784	1
470	0	clueweb12-0103wb-36-09350	1
470	0	clueweb12-0102wb-06-28566	0
470	0	clueweb12-0209wb-45-20455	1
470	0	clueweb12-0111wb-73-16663	1
470	0	clueweb12-0011wb-89-22071	1
470	0	clueweb12-0004wb-73-16440	1
470	0	clueweb12-0003wb-28-11424	1
470	0	clueweb12-0206wb-87-34685	0
470	0	clueweb12-0112wb-05-25888	1
470	0	clueweb12-0206wb-12-29220	0
470	0	clueweb12-0200wb-40-21758	0
470	0	clueweb12-0112wb-58-23241	0
584	0	clueweb12-0206wb-25-32943	1
584	0	clueweb12-0103wb-36-09350	1
584	0	clueweb12-0203wb-34-03296	0
584	0	clueweb12-0105wb-83-13069	1
584	0	clueweb12-0012wb-29-31511	0
584	0	clueweb12-0204wb-79-03896	1
584	0	clueweb12-0005wb-98-04313	1
584	0	clueweb12-0002wb-72-35563	1
584	0	clueweb12-0006wb-66-12458	1
584	0	clueweb12-0011wb-40-18818	1
584	0	clueweb12-0007wb-28-15353	1
584	0	clueweb12-0000wb-90-33618	1
584	0	clueweb12-0103wb-46-23541	1
584	0	clueweb12-0203wb-44-05913	0
584	0	clueweb12-0001wb-84-18279	0
584	0	clueweb12-0003wb-90-33699	1
584	0	clueweb12-0006wb-46-08696	1
584	0	clueweb12-0104wb-64-11060	0
584	0	clueweb12-0208wb-71-32945	0
638	0	clueweb12-0204wb-42-27540	0
638	0	clueweb12-0002wb-73-18945	0
638	0	clueweb12-0102wb-28-18819	0
638	0	clueweb12-0008wb-77-11312	0
638	0	clueweb12-0211wb-17-19475	0
638	0	clueweb12-0010wb-56-29341	1
638	0	clueweb12-0000wb-90-33604	0
638	0	clueweb12-0007wb-42-14705	1
638	0	clueweb12-0009wb-82-12122	0
638	0	clueweb12-0008wb-97-00461	0
638	0	clueweb12-0004wb-91-19801	0
638	0	clueweb12-0103wb-26-29262	0
638	0	clueweb12-0010wb-56-29327	0
638	0	clueweb12-0201wb-34-19882	0
638	0	clueweb12-0108wb-63-14754	1
638	0	clueweb12-0105wb-97-14462	0
638	0	clueweb12-0200wb-12-05812	0
638	0	clueweb12-0200wb-02-21600	0
638	0	clueweb12-0205wb-53-29061	0
683	0	clueweb12-0109wb-52-22275	0
683	0	clueweb12-0003wb-13-03137	0
683	0	clueweb12-0211wb-87-11485	1
683	0	clueweb12-0208wb-76-09545	1
683	0	clueweb12-0008wb-79-16707	1
683	0	clueweb12-0003wb-22-28163	0
683	0	clueweb12-0207wb-02-05353	1
683	0	clueweb12-0103wb-46-23541	1
683	0	clueweb12-0002wb-43-26884	1
683	0	clueweb12-0103wb-79-15766	1
683	0	clueweb12-0202wb-00-07154	1
683	0	clueweb12-0207wb-32-07218	0
683	0	clueweb12-0211wb-40-23810	0
683	0	clueweb12-0003wb-18-11817	0
683	0	clueweb12-0105wb-86-22373	1
683	0	clueweb12-0108wb-37-07272	0
683	0	clueweb12-0208wb-24-27788	0
683	0	clueweb12-0008wb-02-27567	0
683	0	clueweb12-0008wb-22-18398	0
758	0	clueweb12-0204wb-20-23493	0
758	0	clueweb12-0110wb-70-07703	0
758	0	clueweb12-0103wb-79-15766	0
758	0	clueweb12-0209wb-37-30595	0
758	0	clueweb12-0013wb-09-02199	0
758	0	clueweb12-0104wb-75-07948	0
758	0	clueweb12-0008wb-22-18398	0
758	0	clueweb12-0103wb-46-23541	0
758	0	clueweb12-0011wb-40-02071	1
758	0	clueweb12-0101wb-06-25650	0
758	0	clueweb12-0212wb-13-18080	0
758	0	clueweb12-0101wb-39-04822	0
758	0	clueweb12-0000wb-76-20673	0
758	0	clueweb12-0108wb-75-00461	0
758	0	clueweb12-0201wb-30-23102	0
758	0	clueweb12-0012wb-43-05522	0
758	0	clueweb12-0002wb-58-20218	0
758	0	clueweb12-0203wb-15-33182	0
758	0	clueweb12-0200wb-95-26005	0
807	0	clueweb12-0103wb-46-23541	0
807	0	clueweb12-0003wb-18-11817	0
807	0	clueweb12-0103wb-79-15766	0
807	0	clueweb12-0203wb-45-18475	0
807	0	clueweb12-0008wb-54-01990	0
807	0	clueweb12-0211wb-40-23810	0
807	0	clueweb12-0204wb-58-22834	0
807	0	clueweb12-0204wb-67-33683	0
807	0	clueweb12-0201wb-27-19475	0
807	0	clueweb12-0203wb-75-27520	0
807	0	clueweb12-0007wb-42-10656	0
807	0	clueweb12-0206wb-77-22592	0
807	0	clueweb12-0105wb-86-22373	0
807	0	clueweb12-0200tw-31-12347	0
807	0	clueweb12-0110wb-94-05227	0
807	0	clueweb12-0008wb-22-18398	0
807	0	clueweb12-0203wb-80-15495	0
807	0	clueweb12-0004wb-12-23009	0
807	0	clueweb12-0000wb-76-20673	0
822	0	clueweb12-0010wb-99-13250	0
822	0	clueweb12-0211wb-87-11485	0
822	0	clueweb12-0003wb-22-28163	0
822	0	clueweb12-0002wb-43-26884	0
822	0	clueweb12-0207wb-02-05353	0
822	0	clueweb12-0109wb-52-22275	0
822	0	clueweb12-0003wb-13-03137	0
822	0	clueweb12-0203wb-26-11551	0
822	0	clueweb12-0008wb-79-16707	0
822	0	clueweb12-0208wb-76-09545	0
822	0	clueweb12-0103wb-79-15766	0
822	0	clueweb12-0204wb-20-23493	0
822	0	clueweb12-0202wb-11-03403	0
822	0	clueweb12-0007wb-39-32565	0
822	0	clueweb12-0204wb-32-03240	0
822	0	clueweb12-0206wb-57-28855	0
822	0	clueweb12-0209wb-98-25333	0
822	0	clueweb12-0202wb-93-20852	0
822	0	clueweb12-0103wb-46-23541	0
848	0	clueweb12-0110wb-70-07703	0
848	0	clueweb12-0008wb-54-01990	0
848	0	clueweb12-0203wb-75-27520	0
848	0	clueweb12-0006wb-23-20275	0
848	0	clueweb12-0204wb-67-33683	0
848	0	clueweb12-0103wb-46-23541	0
848	0	clueweb12-0003wb-18-11817	0
848	0	clueweb12-0204wb-20-23493	0
848	0	clueweb12-0203wb-45-18475	0
848	0	clueweb12-0201wb-27-19475	0
848	0	clueweb12-0107wb-85-18257	0
848	0	clueweb12-0210wb-67-15173	0
848	0	clueweb12-0211wb-87-11485	0
848	0	clueweb12-0105wb-78-31275	0
848	0	clueweb12-0010wb-36-00881	0
848	0	clueweb12-0207wb-62-17648	0
848	0	clueweb12-0000wb-76-20673	0
848	0	clueweb12-0211wb-40-23810	0
848	0	clueweb12-0110wb-94-05227	0
858	0	clueweb12-0208wb-76-09545	0
858	0	clueweb12-0209wb-37-30595	0
858	0	clueweb12-0205wb-91-28450	0
858	0	clueweb12-0103wb-46-23541	0
858	0	clueweb12-0212wb-13-18080	0
858	0	clueweb12-0111wb-43-22180	0
858	0	clueweb12-0103wb-79-15766	0
858	0	clueweb12-0203wb-26-11551	0
858	0	clueweb12-0110wb-70-07703	0
858	0	clueweb12-0202wb-00-07154	0
858	0	clueweb12-0000tw-25-20342	0
858	0	clueweb12-0012wb-43-05522	0
858	0	clueweb12-0203wb-15-33182	0
858	0	clueweb12-1911wb-01-04884	0
858	0	clueweb12-0109wb-52-22275	0
858	0	clueweb12-0003wb-18-11817	0
858	0	clueweb12-0105wb-86-22373	0
858	0	clueweb12-0008wb-22-18398	0
858	0	clueweb12-0008wb-87-30364	0
880	0	clueweb12-0104wb-75-07948	1
880	0	clueweb12-0103wb-79-15766	0
880	0	clueweb12-0008wb-70-30682	0
880	0	clueweb12-0212wb-13-18080	0
880	0	clueweb12-0008wb-22-18398	0
880	0	clueweb12-0110wb-70-07703	1
880	0	clueweb12-0202wb-00-07154	0
880	0	clueweb12-0110wb-53-28717	1
880	0	clueweb12-0206wb-90-19598	1
880	0	clueweb12-0002wb-43-26884	0
880	0	clueweb12-0207wb-62-17648	0
880	0	clueweb12-0005wb-71-16072	0
880	0	clueweb12-0204wb-11-18656	0
880	0	clueweb12-0112wb-39-31464	0
880	0	clueweb12-0108wb-37-27339	0
880	0	clueweb12-0104wb-76-17741	0
880	0	clueweb12-0103wb-46-23541	0
880	0	clueweb12-0101wb-39-04822	0
880	0	clueweb12-0209wb-37-30595	0
